450 81000
450 0 
449 1 
448 2 
447 3 
446 4 
445 5 
444 6 
443 7 
442 8 
441 9 
440 10 
439 11 
438 12 
437 13 
436 14 
435 15 
434 16 
433 17 
432 18 
431 19 
430 20 
429 21 
428 22 
427 23 
426 24 
425 25 
424 26 
423 27 
422 28 
421 29 
420 30 
419 31 
418 32 
417 33 
416 34 
415 35 
414 36 
413 37 
412 38 
411 39 
410 40 
409 41 
408 42 
407 43 
406 44 
405 45 
404 46 
403 47 
402 48 
401 49 
400 50 
399 51 
398 52 
397 53 
396 54 
395 55 
394 56 
393 57 
392 58 
391 59 
390 60 
389 61 
388 62 
387 63 
386 64 
385 65 
384 66 
383 67 
382 68 
381 69 
380 70 
379 71 
378 72 
377 73 
376 74 
375 75 
374 76 
373 77 
372 78 
371 79 
370 80 
369 81 
368 82 
367 83 
366 84 
365 85 
364 86 
363 87 
362 88 
361 89 
360 90 
359 91 
358 92 
357 93 
356 94 
355 95 
354 96 
353 97 
352 98 
351 99 
350 100 
349 101 
348 102 
347 103 
346 104 
345 105 
344 106 
343 107 
342 108 
341 109 
340 110 
339 111 
338 112 
337 113 
336 114 
335 115 
334 116 
333 117 
332 118 
331 119 
330 120 
329 121 
328 122 
327 123 
326 124 
325 125 
324 126 
323 127 
322 128 
321 129 
320 130 
319 131 
318 132 
317 133 
316 134 
315 135 
314 136 
313 137 
312 138 
311 139 
310 140 
309 141 
308 142 
307 143 
306 144 
305 145 
304 146 
303 147 
302 148 
301 149 
300 150 
299 151 
298 152 
297 153 
296 154 
295 155 
294 156 
293 157 
292 158 
291 159 
290 160 
289 161 
288 162 
287 163 
286 164 
285 165 
284 166 
283 167 
282 168 
281 169 
280 170 
279 171 
278 172 
277 173 
276 174 
275 175 
274 176 
273 177 
272 178 
271 179 
270 180 
269 181 
268 182 
267 183 
266 184 
265 185 
264 186 
263 187 
262 188 
261 189 
260 190 
259 191 
258 192 
257 193 
256 194 
255 195 
254 196 
253 197 
252 198 
251 199 
250 200 
249 201 
248 202 
247 203 
246 204 
245 205 
244 206 
243 207 
242 208 
241 209 
240 210 
239 211 
238 212 
237 213 
236 214 
235 215 
234 216 
233 217 
232 218 
231 219 
230 220 
229 221 
228 222 
227 223 
226 224 
225 225 
224 226 
223 227 
222 228 
221 229 
220 230 
219 231 
218 232 
217 233 
216 234 
215 235 
214 236 
213 237 
212 238 
211 239 
210 240 
209 241 
208 242 
207 243 
206 244 
205 245 
204 246 
203 247 
202 248 
201 249 
200 250 
199 251 
198 252 
197 253 
196 254 
195 255 
194 256 
193 257 
192 258 
191 259 
190 260 
189 261 
188 262 
187 263 
186 264 
185 265 
184 266 
183 267 
182 268 
181 269 
180 270 
179 271 
178 272 
177 273 
176 274 
175 275 
174 276 
173 277 
172 278 
171 279 
170 280 
169 281 
168 282 
167 283 
166 284 
165 285 
164 286 
163 287 
162 288 
161 289 
160 290 
159 291 
158 292 
157 293 
156 294 
155 295 
154 296 
153 297 
152 298 
151 299 
150 300 
149 301 
148 302 
147 303 
146 304 
145 305 
144 306 
143 307 
142 308 
141 309 
140 310 
139 311 
138 312 
137 313 
136 314 
135 315 
134 316 
133 317 
132 318 
131 319 
130 320 
129 321 
128 322 
127 323 
126 324 
125 325 
124 326 
123 327 
122 328 
121 329 
120 330 
119 331 
118 332 
117 333 
116 334 
115 335 
114 336 
113 337 
112 338 
111 339 
110 340 
109 341 
108 342 
107 343 
106 344 
105 345 
104 346 
103 347 
102 348 
101 349 
100 350 
99 351 
98 352 
97 353 
96 354 
95 355 
94 356 
93 357 
92 358 
91 359 
90 360 
89 361 
88 362 
87 363 
86 364 
85 365 
84 366 
83 367 
82 368 
81 369 
80 370 
79 371 
78 372 
77 373 
76 374 
75 375 
74 376 
73 377 
72 378 
71 379 
70 380 
69 381 
68 382 
67 383 
66 384 
65 385 
64 386 
63 387 
62 388 
61 389 
60 390 
59 391 
58 392 
57 393 
56 394 
55 395 
54 396 
53 397 
52 398 
51 399 
50 400 
49 401 
48 402 
47 403 
46 404 
45 405 
44 406 
43 407 
42 408 
41 409 
40 410 
39 411 
38 412 
37 413 
36 414 
35 415 
34 416 
33 417 
32 418 
31 419 
30 420 
29 421 
28 422 
27 423 
26 424 
25 425 
24 426 
23 427 
22 428 
21 429 
20 430 
19 431 
18 432 
17 433 
16 434 
15 435 
14 436 
13 437 
12 438 
11 439 
10 440 
9 441 
8 442 
7 443 
6 444 
5 445 
4 446 
3 447 
2 448 
1 449 
