350 49000
350 0 
349 1 
348 2 
347 3 
346 4 
345 5 
344 6 
343 7 
342 8 
341 9 
340 10 
339 11 
338 12 
337 13 
336 14 
335 15 
334 16 
333 17 
332 18 
331 19 
330 20 
329 21 
328 22 
327 23 
326 24 
325 25 
324 26 
323 27 
322 28 
321 29 
320 30 
319 31 
318 32 
317 33 
316 34 
315 35 
314 36 
313 37 
312 38 
311 39 
310 40 
309 41 
308 42 
307 43 
306 44 
305 45 
304 46 
303 47 
302 48 
301 49 
300 50 
299 51 
298 52 
297 53 
296 54 
295 55 
294 56 
293 57 
292 58 
291 59 
290 60 
289 61 
288 62 
287 63 
286 64 
285 65 
284 66 
283 67 
282 68 
281 69 
280 70 
279 71 
278 72 
277 73 
276 74 
275 75 
274 76 
273 77 
272 78 
271 79 
270 80 
269 81 
268 82 
267 83 
266 84 
265 85 
264 86 
263 87 
262 88 
261 89 
260 90 
259 91 
258 92 
257 93 
256 94 
255 95 
254 96 
253 97 
252 98 
251 99 
250 100 
249 101 
248 102 
247 103 
246 104 
245 105 
244 106 
243 107 
242 108 
241 109 
240 110 
239 111 
238 112 
237 113 
236 114 
235 115 
234 116 
233 117 
232 118 
231 119 
230 120 
229 121 
228 122 
227 123 
226 124 
225 125 
224 126 
223 127 
222 128 
221 129 
220 130 
219 131 
218 132 
217 133 
216 134 
215 135 
214 136 
213 137 
212 138 
211 139 
210 140 
209 141 
208 142 
207 143 
206 144 
205 145 
204 146 
203 147 
202 148 
201 149 
200 150 
199 151 
198 152 
197 153 
196 154 
195 155 
194 156 
193 157 
192 158 
191 159 
190 160 
189 161 
188 162 
187 163 
186 164 
185 165 
184 166 
183 167 
182 168 
181 169 
180 170 
179 171 
178 172 
177 173 
176 174 
175 175 
174 176 
173 177 
172 178 
171 179 
170 180 
169 181 
168 182 
167 183 
166 184 
165 185 
164 186 
163 187 
162 188 
161 189 
160 190 
159 191 
158 192 
157 193 
156 194 
155 195 
154 196 
153 197 
152 198 
151 199 
150 200 
149 201 
148 202 
147 203 
146 204 
145 205 
144 206 
143 207 
142 208 
141 209 
140 210 
139 211 
138 212 
137 213 
136 214 
135 215 
134 216 
133 217 
132 218 
131 219 
130 220 
129 221 
128 222 
127 223 
126 224 
125 225 
124 226 
123 227 
122 228 
121 229 
120 230 
119 231 
118 232 
117 233 
116 234 
115 235 
114 236 
113 237 
112 238 
111 239 
110 240 
109 241 
108 242 
107 243 
106 244 
105 245 
104 246 
103 247 
102 248 
101 249 
100 250 
99 251 
98 252 
97 253 
96 254 
95 255 
94 256 
93 257 
92 258 
91 259 
90 260 
89 261 
88 262 
87 263 
86 264 
85 265 
84 266 
83 267 
82 268 
81 269 
80 270 
79 271 
78 272 
77 273 
76 274 
75 275 
74 276 
73 277 
72 278 
71 279 
70 280 
69 281 
68 282 
67 283 
66 284 
65 285 
64 286 
63 287 
62 288 
61 289 
60 290 
59 291 
58 292 
57 293 
56 294 
55 295 
54 296 
53 297 
52 298 
51 299 
50 300 
49 301 
48 302 
47 303 
46 304 
45 305 
44 306 
43 307 
42 308 
41 309 
40 310 
39 311 
38 312 
37 313 
36 314 
35 315 
34 316 
33 317 
32 318 
31 319 
30 320 
29 321 
28 322 
27 323 
26 324 
25 325 
24 326 
23 327 
22 328 
21 329 
20 330 
19 331 
18 332 
17 333 
16 334 
15 335 
14 336 
13 337 
12 338 
11 339 
10 340 
9 341 
8 342 
7 343 
6 344 
5 345 
4 346 
3 347 
2 348 
1 349 
