250 25000
250 0 
249 1 
248 2 
247 3 
246 4 
245 5 
244 6 
243 7 
242 8 
241 9 
240 10 
239 11 
238 12 
237 13 
236 14 
235 15 
234 16 
233 17 
232 18 
231 19 
230 20 
229 21 
228 22 
227 23 
226 24 
225 25 
224 26 
223 27 
222 28 
221 29 
220 30 
219 31 
218 32 
217 33 
216 34 
215 35 
214 36 
213 37 
212 38 
211 39 
210 40 
209 41 
208 42 
207 43 
206 44 
205 45 
204 46 
203 47 
202 48 
201 49 
200 50 
199 51 
198 52 
197 53 
196 54 
195 55 
194 56 
193 57 
192 58 
191 59 
190 60 
189 61 
188 62 
187 63 
186 64 
185 65 
184 66 
183 67 
182 68 
181 69 
180 70 
179 71 
178 72 
177 73 
176 74 
175 75 
174 76 
173 77 
172 78 
171 79 
170 80 
169 81 
168 82 
167 83 
166 84 
165 85 
164 86 
163 87 
162 88 
161 89 
160 90 
159 91 
158 92 
157 93 
156 94 
155 95 
154 96 
153 97 
152 98 
151 99 
150 100 
149 101 
148 102 
147 103 
146 104 
145 105 
144 106 
143 107 
142 108 
141 109 
140 110 
139 111 
138 112 
137 113 
136 114 
135 115 
134 116 
133 117 
132 118 
131 119 
130 120 
129 121 
128 122 
127 123 
126 124 
125 125 
124 126 
123 127 
122 128 
121 129 
120 130 
119 131 
118 132 
117 133 
116 134 
115 135 
114 136 
113 137 
112 138 
111 139 
110 140 
109 141 
108 142 
107 143 
106 144 
105 145 
104 146 
103 147 
102 148 
101 149 
100 150 
99 151 
98 152 
97 153 
96 154 
95 155 
94 156 
93 157 
92 158 
91 159 
90 160 
89 161 
88 162 
87 163 
86 164 
85 165 
84 166 
83 167 
82 168 
81 169 
80 170 
79 171 
78 172 
77 173 
76 174 
75 175 
74 176 
73 177 
72 178 
71 179 
70 180 
69 181 
68 182 
67 183 
66 184 
65 185 
64 186 
63 187 
62 188 
61 189 
60 190 
59 191 
58 192 
57 193 
56 194 
55 195 
54 196 
53 197 
52 198 
51 199 
50 200 
49 201 
48 202 
47 203 
46 204 
45 205 
44 206 
43 207 
42 208 
41 209 
40 210 
39 211 
38 212 
37 213 
36 214 
35 215 
34 216 
33 217 
32 218 
31 219 
30 220 
29 221 
28 222 
27 223 
26 224 
25 225 
24 226 
23 227 
22 228 
21 229 
20 230 
19 231 
18 232 
17 233 
16 234 
15 235 
14 236 
13 237 
12 238 
11 239 
10 240 
9 241 
8 242 
7 243 
6 244 
5 245 
4 246 
3 247 
2 248 
1 249 
